1973,0,5.0486e+07,1.713e+05,1005,1.922e+06,7.3717e+05,18501,868.62,169.69,0.032127,0,NaN,NaN
1987,0,1.488e+08,2.676e+05,1905,1.9453e+06,7.3272e+05,30903,1532.7,172.51,0.038388,0,NaN,NaN
1988,0,3.4677e+06,1.2576e+05,263.31,1.9078e+06,7.3841e+05,3768.2,292.92,162.83,0,1,3.9562e+06,3.4909e+05
1989,0,1.2994e+08,2.25e+05,1871.1,1.937e+06,7.3348e+05,29090,1421.8,170.77,0.047107,2,1.1269e+06,1.697e+05
1991,0,2.6218e+08,4.4237e+05,2326.2,1.9727e+06,7.33e+05,34175,3057.6,179.76,0.0282,3,NaN,NaN
2003,0,6.7428e+07,1.2972e+05,1463.5,1.9258e+06,7.3532e+05,19477,1102,170.27,0.0924,0,1.8573e+06,3.0182e+05
2004,0,1.102e+08,2.3886e+05,1880.3,1.9329e+06,7.3403e+05,21211,1653.8,171.51,0.034608,1,2.9752e+06,1.8209e+06
2005,0,1.7182e+08,4.713e+05,2091.2,1.9759e+06,7.3093e+05,26117,2094.1,178.37,0,2,37590,33763
2007,0,3.8394e+06,34200,465,1.9039e+06,7.4024e+05,3808.4,320.9,165.1,0.0692,0,4.2995e+05,2.6201e+05
2012,0,6.7876e+06,43125,0,0,0,0,0,0,0,0,0,0
2013,0,1.909e+07,71340,675,1.9124e+06,7.377e+05,10076,603.07,163.9,0.12905,1,3.4103e+05,2.1973e+05
2014,0,6.6546e+07,1.0662e+05,1353.6,1.9269e+06,7.3497e+05,17788,1190.8,170.62,0.093589,2,2.0019e+06,1.3369e+06
2016,0,7.1993e+07,1.0494e+05,1455,1.9278e+06,7.3472e+05,17637,1299.3,170.99,0.080169,0,1.4016e+06,1.2535e+05
